route_id,service_id,trip_id
1,179,905722
1,413,248347
1,473,1190320
1,486,1265467
1,486,750801
1,486,818906
1,761,389858
10,106,1153190
10,106,1214898
10,106,337291
10,127,1166717
10,133,1151935
10,133,1155428
10,133,1186771
10,133,1428831
10,133,1545346
10,133,234417
10,133,418141
10,133,515620
10,133,547967
10,133,764564
10,133,800402
10,139,1062919
10,139,138770
10,139,161400
10,142,1075051
10,158,744062
10,161,253086
10,183,1484588
10,190,1455833
10,193,1442531
10,193,353850
10,201,183208
10,205,1109371
10,208,1103621
10,212,1479092
10,244,1060353
10,244,353121
10,248,575171
10,248,722309
10,249,1075421
10,249,913865
10,253,1077859
10,267,334349
10,27,676780
10,276,1495396
10,276,173208
10,283,1334182
10,283,1377769
10,283,16686
10,283,389657
10,283,807208
10,303,1392076
10,303,341105
10,303,882369
10,311,1303151
10,313,110826
10,331,1076204
10,331,1390253
10,331,843261
10,331,976258
10,351,1063938
10,351,1105750
10,351,959654
10,355,1233877
10,355,765295
10,358,1401516
10,358,331977
10,358,348163
10,358,448736
10,358,84716
10,358,875938
10,358,927713
10,358,997877
10,36,689339
10,396,2616
10,407,1197292
10,407,1416690
10,413,1309973
10,413,1456852
10,413,1487797
10,413,951109
10,414,3573
10,414,65019
10,422,1218189
10,436,1024079
10,436,1053612
10,436,1466313
10,436,197936
10,444,151877
10,451,1101043
10,456,350380
10,459,287403
10,461,246173
10,461,436268
10,461,765757
10,462,609527
10,473,1198368
10,473,1301111
10,473,1424940
10,473,1787
10,473,194482
10,473,228015
10,473,284186
10,473,489721
10,473,534386
10,473,776377
10,473,846029
10,479,1127468
10,479,763736
10,484,1438409
10,49,1380152
10,49,70048
10,517,311247
10,517,5326
10,517,57763
10,543,1205397
10,551,1042647
10,576,196177
10,576,780357
10,58,681954
10,581,187164
10,605,239086
10,61,1030340
10,634,1266988
10,634,20424
10,634,480826
10,634,949263
10,634,978862
10,639,127371
10,639,901284
10,64,480753
10,650,1322904
10,650,545391
10,651,649103
10,651,93080
10,66,820465
10,68,129626
10,69,641820
10,691,39772
10,701,1023228
10,701,418560
10,704,1390424
10,704,1504370
10,734,1059113
10,742,1192334
10,742,137061
10,742,395999
10,761,111511
10,761,1164894
10,761,1198530
10,761,1216777
10,761,1491611
10,761,180929
10,761,737871
10,761,92950
10,764,1168288
10,764,1389157
10,77,1122451
10,77,1299862
10,77,1301617
10,77,1491294
10,77,1491530
10,77,1529836
10,77,244129
10,77,32439
10,77,362086
10,77,508904
10,77,774155
10,77,89658
10,77,992681
10,783,1206224
10,787,966940
10,790,1226150
10,796,1258298
10,796,129829
10,796,33793
10,796,366954
10,796,929444
10,805,1177471
10,805,483387
10,805,5683
10,805,58172
10,805,929465
10,810,163724
10,810,74887
10,841,1166579
10,841,670670
10,844,1437747
10,850,1173493
10,855,346775
10,857,1046409
10,864,456257
10,864,521926
10,888,1054889
10,888,694729
10,888,990051
10,893,1540543
10,896,961510
10,898,475606
10,9,1099510
10,9,1437855
10,9,1516621
10,9,3112
10,9,449874
10,9,685895
10,9,92113
10,90,11431
10,90,1286743
10,90,609167
10,90,819892
10,90,882485
10,902,215915
10,903,800327
100,189,1056270
100,240,131925
100,253,530436
100,255,496814
100,331,162336
100,354,677525
100,449,1365574
100,451,393253
100,576,1435074
100,592,625725
100,661,508912
100,711,765546
100,715,926750
100,731,359082
100,776,1209571
100,844,899270
100,863,1490214
100,869,55493
100,879,580892
100,893,844816
100,919,1104724
100,96,1210677
101,100,370481
101,106,1023395
101,106,1240438
101,106,1404968
101,106,407342
101,133,1413098
101,133,322282
101,133,473666
101,133,475166
101,133,672810
101,133,746437
101,248,166022
101,248,745719
101,332,1448690
101,343,1162667
101,343,765821
101,377,1358966
101,406,59128
101,436,1137189
101,436,1355978
101,449,1266131
101,449,892250
101,456,596466
101,459,74035
101,459,898448
101,470,85080
101,473,1013606
101,473,311282
101,473,560294
101,479,1195356
101,479,1405807
101,479,361171
101,479,622027
101,479,890604
101,491,1099890
101,491,1107763
101,491,408086
101,491,639515
101,572,4947
101,64,197500
101,656,1009231
101,656,1141855
101,656,233360
101,656,836315
101,667,1231805
101,667,526857
101,667,843063
101,69,797074
101,701,343078
101,742,18641
101,742,249816
101,742,908695
101,744,105340
101,744,1109211
101,744,219864
101,758,1246978
101,758,1297786
101,758,927811
101,761,1041887
101,761,713520
101,77,469985
101,77,816578
101,836,1475880
101,907,306082
11,133,1368977
11,133,433068
11,139,717845
11,142,1144436
11,142,1378446
11,142,1465619
11,142,170465
11,142,480089
11,142,518810
11,142,741481
11,142,743112
11,142,990787
11,161,688607
11,162,1420224
11,211,1073109
11,215,11894
11,331,729831
11,331,851907
11,351,1179771
11,361,672402
11,361,776857
11,39,784404
11,414,895885
11,417,403060
11,417,710797
11,419,362551
11,419,741051
11,430,484442
11,436,1058061
11,436,1425667
11,444,589174
11,456,831451
11,461,584764
11,473,1260957
11,473,1264421
11,473,1417031
11,473,1432793
11,473,1474348
11,473,1504025
11,473,265542
11,473,351591
11,473,387388
11,473,395366
11,473,558656
11,473,715064
11,473,998323
11,482,53733
11,486,1192230
11,486,133324
11,486,1358297
11,486,1424858
11,486,407255
11,486,553798
11,486,674530
11,486,71540
11,486,817994
11,486,878777
11,518,210973
11,576,1260994
11,619,595612
11,634,508323
11,651,96012
11,652,189472
11,672,1210238
11,672,1385825
11,672,1491051
11,672,256852
11,672,435734
11,672,633300
11,672,658626
11,672,765939
11,672,790510
11,672,844460
11,678,1326506
11,687,1019225
11,687,1291270
11,687,1329608
11,687,1346232
11,687,1470209
11,687,191770
11,687,523093
11,687,701160
11,687,789589
11,687,891613
11,687,911187
11,691,1154651
11,691,1347044
11,691,1411932
11,691,1412186
11,691,169911
11,691,331317
11,691,417363
11,691,507095
11,691,507625
11,691,616447
11,691,656153
11,691,729529
11,691,984300
11,701,1208085
11,701,685303
11,742,109362
11,761,1030354
11,761,1095072
11,761,113223
11,761,123315
11,761,1341203
11,761,1429710
11,761,1485577
11,761,305962
11,761,839586
11,761,857409
11,761,859312
11,77,129144
11,77,275264
11,826,1157267
11,83,204016
11,844,601386
11,855,55402
11,864,786406
11,879,30363
11,888,1160701
11,888,275069
11,888,678831
11,903,1349248
11,903,824122
11,923,1445018
11,923,248018
12,106,910120
12,236,1362539
12,236,249916
12,236,747770
12,283,954759
12,325,93170
12,427,217375
12,469,1239466
12,500,1272274
12,500,1416069
12,500,1431880
12,500,1529642
12,500,176964
12,500,367695
12,567,600146
12,608,811491
12,742,299221
12,796,889772
12,799,367018
13,109,865483
13,139,787472
13,142,1093194
13,15,1368889
13,15,1535018
13,166,798387
13,194,629352
13,20,1281044
13,225,1281546
13,253,1514844
13,261,112055
13,265,210946
13,277,1154239
13,283,1303023
13,283,17978
13,283,512642
13,283,614919
13,283,88719
13,283,970109
13,302,1173043
13,302,119491
13,302,1538919
13,302,225065
13,302,2796
13,302,287996
13,302,292625
13,302,334156
13,302,7649
13,302,801057
13,321,192944
13,331,1490838
13,331,475109
13,351,658830
13,352,1262098
13,352,1487352
13,358,167069
13,358,595354
13,358,833599
13,372,1375446
13,372,345548
13,372,612346
13,372,759336
13,373,517861
13,393,1251578
13,393,1298393
13,393,1313606
13,393,648536
13,393,694326
13,393,905036
13,393,950049
13,393,961044
13,414,1044666
13,414,1067776
13,414,1075397
13,414,1151220
13,414,1351672
13,414,1391937
13,414,1411188
13,414,247322
13,414,275311
13,414,292953
13,414,535477
13,414,711978
13,414,825933
13,414,859235
13,414,897909
13,417,717967
13,42,1168348
13,451,423199
13,456,1239129
13,456,1270546
13,456,1279118
13,456,1314106
13,456,1325695
13,456,288168
13,456,911163
13,456,919293
13,456,930099
13,461,131239
13,461,1387447
13,461,304844
13,461,433932
13,461,706130
13,461,722758
13,461,846899
13,461,854306
13,473,1290789
13,473,1516411
13,473,282610
13,473,485132
13,473,523816
13,473,771370
13,473,959570
13,488,1074411
13,488,737897
13,500,1149968
13,500,1184429
13,500,178677
13,502,347215
13,512,1210949
13,518,1037640
13,518,1051332
13,518,1099940
13,518,1120009
13,518,1195962
13,518,137323
13,518,389549
13,518,489094
13,518,545869
13,518,716588
13,544,515108
13,544,558557
13,551,469426
13,557,901721
13,607,1448019
13,634,1253991
13,634,1455488
13,634,941530
13,649,994866
13,650,1211315
13,653,1214238
13,653,1243042
13,653,327434
13,679,182073
13,698,130441
13,70,1196289
13,700,1197140
13,701,457724
13,704,63284
13,721,361353
13,725,738389
13,728,92604
13,737,219898
13,738,618415
13,742,1296618
13,742,983583
13,749,180205
13,754,1062005
13,755,115438
13,755,1199982
13,755,1201821
13,755,233479
13,755,244586
13,755,864633
13,761,1190012
13,761,1232006
13,761,1521354
13,761,171702
13,761,21268
13,761,422741
13,761,694303
13,761,748318
13,761,866872
13,780,729636
13,796,363090
13,796,397288
13,799,1003812
13,799,1163798
13,799,1254075
13,799,1400861
13,799,168789
13,799,31913
13,799,326923
13,799,329397
13,799,598039
13,803,1014061
13,813,171680
13,837,966054
13,844,1445579
13,847,724034
13,848,1443428
13,848,505518
13,872,424667
13,886,553351
13,897,1062193
13,925,1016029
14,236,190502
14,236,330851
14,236,813998
14,349,134682
14,414,650914
14,456,1362066
14,461,1355926
14,461,221874
14,518,1496539
14,518,576324
14,518,749593
14,588,516052
14,77,174672
14,9,1184607
15,518,908534
15,667,1277844
15,729,1269874
15,791,1226849
16,12,746253
16,133,589775
16,133,733903
16,142,1062216
16,142,1107158
16,142,1141029
16,142,1292991
16,142,1517403
16,142,191107
16,142,358728
16,142,612870
16,142,681309
16,142,952586
16,162,1030116
16,179,1449335
16,211,739613
16,306,878258
16,331,1134688
16,331,50830
16,331,888308
16,331,975854
16,361,1114278
16,361,79989
16,417,261923
16,417,383397
16,419,1201037
16,419,641452
16,419,820911
16,436,1290513
16,436,1435534
16,436,1441291
16,436,1520848
16,436,162663
16,436,240344
16,436,322420
16,436,422028
16,436,481616
16,436,512174
16,436,889865
16,436,916503
16,451,1039037
16,473,1325019
16,473,1375009
16,473,142087
16,473,1426263
16,473,1495980
16,473,1529119
16,473,211641
16,473,297831
16,473,447888
16,473,724994
16,473,873125
16,473,918600
16,482,296894
16,486,1000946
16,486,1020701
16,486,1124003
16,486,1460987
16,486,248754
16,486,277325
16,486,288993
16,486,354411
16,486,573793
16,486,84352
16,486,934056
16,486,959823
16,49,143821
16,545,79998
16,619,963779
16,634,1465646
16,645,404862
16,651,132050
16,652,683223
16,666,1289686
16,672,1289712
16,672,1343137
16,672,1369376
16,672,1401023
16,672,1490969
16,672,258997
16,672,51184
16,672,766808
16,672,810617
16,672,951097
16,678,592056
16,687,1012393
16,691,1090586
16,691,1191904
16,691,1288076
16,691,1466983
16,691,1470605
16,691,302689
16,691,454089
16,691,514450
16,691,617856
16,691,638634
16,691,681760
16,691,877152
16,691,990075
16,714,812729
16,761,1042788
16,761,1156109
16,761,1219896
16,761,1222328
16,761,1288974
16,761,1301846
16,761,1406992
16,761,373864
16,761,602640
16,761,603095
16,761,72488
16,761,75750
16,77,1228045
16,77,1419197
16,77,1534412
16,77,1548081
16,77,1552737
16,77,255112
16,77,29410
16,77,344131
16,77,411851
16,77,424124
16,77,852007
16,77,942897
16,826,1022101
16,83,963309
16,844,1214208
16,844,33384
16,855,1071765
16,864,1462980
16,864,260677
16,888,338004
16,915,1265004
16,923,746457
16,98,245931
17,129,1055926
17,13,826146
17,158,1319228
17,158,715525
17,159,437726
17,159,500884
17,159,713085
17,159,96738
17,179,1441919
17,179,453673
17,179,663698
17,179,770182
17,187,421357
17,214,1273977
17,214,1404825
17,214,1461552
17,214,156065
17,214,204655
17,214,303013
17,214,49129
17,214,786885
17,214,808964
17,214,818628
17,214,83868
17,219,440096
17,236,1095126
17,236,296646
17,236,447098
17,236,610520
17,236,715059
17,236,855575
17,248,346675
17,248,464182
17,264,920701
17,317,1384
17,317,217588
17,34,1432051
17,414,1002654
17,414,1041238
17,414,1053137
17,414,1313725
17,414,417756
17,424,868429
17,456,392032
17,461,633200
17,467,546467
17,473,1221483
17,473,544915
17,473,652376
17,473,909259
17,479,1252711
17,479,434858
17,479,56338
17,479,637640
17,479,943589
17,479,966478
17,487,1120751
17,487,700822
17,52,1166629
17,52,254464
17,52,258502
17,52,768852
17,52,89689
17,524,1134672
17,524,698065
17,524,738394
17,534,263894
17,540,1383562
17,543,726278
17,555,580841
17,561,1356155
17,561,888936
17,562,1286807
17,562,151294
17,562,324609
17,562,42467
17,600,1473165
17,633,1131667
17,633,733164
17,649,1252154
17,672,1238305
17,672,1451065
17,672,413808
17,672,665997
17,672,70112
17,705,1442575
17,705,169686
17,705,331268
17,705,776281
17,710,1176526
17,735,386476
17,735,506566
17,742,232528
17,742,636002
17,755,1512745
17,761,969087
17,77,437070
17,77,771289
17,77,888057
17,770,1109511
17,777,30622
17,799,1289690
17,799,1295019
17,799,699350
17,799,741952
17,799,793163
17,852,12818
17,852,601829
17,905,1417034
17,915,271924
18,106,1235987
18,106,161354
18,106,533099
18,107,1027010
18,139,1381422
18,148,1025520
18,184,635614
18,198,1335989
18,236,1528724
18,237,1336664
18,241,1060488
18,248,764438
18,283,1088042
18,283,707853
18,295,1004293
18,303,927282
18,35,216852
18,35,684146
18,366,1080816
18,395,1135970
18,395,1365981
18,395,184314
18,395,591180
18,405,809540
18,414,1065827
18,414,204632
18,417,213573
18,436,1316631
18,436,1376925
18,436,1544972
18,436,162698
18,436,234911
18,436,412455
18,436,774626
18,436,827039
18,436,937426
18,451,242438
18,461,1154381
18,461,120235
18,461,297125
18,465,711603
18,473,1306809
18,479,1094072
18,479,1200508
18,479,1208150
18,479,306785
18,479,324159
18,479,654296
18,479,852236
18,479,864690
18,48,156760
18,500,679313
18,508,31814
18,526,35495
18,541,1545815
18,572,1231531
18,572,965625
18,649,21552
18,651,1380826
18,666,1327871
18,666,285754
18,666,819144
18,666,986574
18,69,1292197
18,718,492945
18,733,1057936
18,733,266100
18,733,486869
18,733,790434
18,734,728326
18,761,443796
18,77,1401770
18,77,320132
18,77,410586
18,77,86206
18,783,411313
18,783,608042
18,893,661076
18,893,902750
18,9,609917
18,903,1047011
18,903,401793
19,127,1282052
19,183,101305
19,187,1145402
19,197,1192914
19,197,550597
19,205,1542109
19,250,447877
19,250,486586
19,250,710814
19,250,857738
19,258,577215
19,268,179150
19,286,711820
19,337,1340219
19,337,1424897
19,337,1532852
19,337,343589
19,337,679150
19,358,356345
19,358,952241
19,403,1317481
19,409,979891
19,430,351899
19,436,1081030
19,436,734447
19,47,22490
19,47,364068
19,473,1369639
19,473,1413575
19,473,278092
19,473,33544
19,473,379987
19,473,412564
19,473,464396
19,473,661234
19,473,806182
19,473,891356
19,473,997815
19,479,1455626
19,491,1066617
19,491,1233428
19,491,1237971
19,491,1511952
19,491,381666
19,491,954835
19,569,1079310
19,572,230481
19,576,264901
19,648,41336
19,649,361840
19,649,556609
19,649,70417
19,688,1324922
19,693,1237547
19,693,149875
19,693,213872
19,693,250614
19,693,577646
19,706,1157142
19,706,1280429
19,706,250725
19,750,148756
19,759,326597
19,764,1066969
19,796,679696
19,851,1184610
19,86,1523911
19,890,722889
19,891,1205160
19,896,883043
19,920,1258060
19,924,1538567
2,132,64492
2,449,517625
2,459,198225
2,473,332640
2,473,47986
2,808,519150
20,360,335964
20,595,108872
20,656,175155
20,758,1285440
20,758,292545
20,931,478270
21,106,21628
21,106,981554
21,133,257976
21,133,405807
21,262,289
21,396,1391603
21,436,164386
21,459,258686
21,473,1227592
21,473,1364300
21,473,507610
21,57,947647
21,64,1368946
21,734,1478556
21,761,1034463
21,761,1402674
21,77,170587
21,77,726634
21,81,710751
22,114,1351956
22,133,984271
22,194,914457
22,217,449915
22,217,944475
22,303,1520075
22,303,685057
22,303,968953
22,352,1465512
22,353,1479725
22,414,1170863
22,414,3485
22,414,946733
22,456,1540232
22,456,393944
22,456,644162
22,461,1214026
22,461,213891
22,461,483141
22,461,535210
22,461,748106
22,518,1149919
22,524,1075284
22,740,1395382
22,740,174964
22,77,925164
22,783,497962
22,868,175061
22,868,9767
22,888,1533672
22,888,538546
22,888,543097
22,888,832507
22,888,948033
22,898,629363
22,93,1318837
23,139,1324642
23,155,1138630
23,155,182102
23,155,407553
23,155,826667
23,155,916983
23,229,788428
23,236,1198384
23,236,1249644
23,236,1339024
23,236,375105
23,236,50149
23,236,675767
23,236,774523
23,236,965569
23,250,1169212
23,331,558972
23,345,436928
23,345,8023
23,349,1143062
23,349,1308008
23,358,1421792
23,358,3800
23,366,298145
23,392,154229
23,402,778438
23,413,325059
23,414,1414950
23,456,786938
23,461,1131674
23,461,1195397
23,461,1272752
23,473,1451202
23,473,782419
23,478,1412754
23,50,616962
23,505,1086283
23,505,1198377
23,505,1337106
23,505,787424
23,505,884887
23,518,805124
23,524,389149
23,538,763227
23,598,518423
23,617,1184612
23,692,140806
23,697,1475524
23,70,1240155
23,761,1055939
23,761,1135786
23,761,142714
23,77,1318156
23,77,1353385
23,77,403201
23,783,74692
23,783,869176
23,820,1059002
23,898,557250
23,917,1512007
23,928,527674
23,97,261825
23,97,294204
24,152,1146140
24,152,217594
24,189,633847
24,19,1048266
24,19,426568
24,447,1531268
24,449,1099885
24,449,204162
24,449,222448
24,449,256365
24,449,411503
24,449,456282
24,449,68966
24,449,758264
24,449,880753
24,456,393047
24,473,1257261
24,473,1424134
24,473,497719
24,473,976922
24,546,161128
24,573,153707
24,627,1339021
24,656,1088594
24,808,830968
24,821,416903
24,821,474035
24,821,951937
24,821,997707
24,836,619674
24,836,841267
24,858,800015
24,922,118977
24,922,929140
25,425,612012
25,456,503490
25,461,1164340
25,796,1488120
26,187,20842
26,187,409959
26,197,298824
26,197,481005
26,248,1104073
26,248,1262935
26,248,1535944
26,253,1396855
26,253,1501933
26,253,1504026
26,253,344920
26,277,863611
26,303,97438
26,436,1149631
26,436,1375853
26,436,1408540
26,436,1490341
26,436,283254
26,436,294238
26,436,827145
26,436,88663
26,436,930541
26,517,1391783
26,572,1497502
26,572,32181
26,572,389984
26,572,556464
26,671,663287
26,742,1295924
26,742,1499377
26,742,269000
26,742,529237
26,761,1105148
26,761,334859
26,761,435140
26,761,504965
26,77,1332570
26,77,211267
26,77,263995
26,77,836760
26,888,1006183
26,893,211056
26,893,418659
26,893,571705
26,898,1422624
27,106,345747
27,106,654870
27,106,789918
27,106,818523
27,133,1450767
27,133,622949
27,333,1060072
27,333,592732
27,436,1208300
27,436,150024
27,436,314477
27,436,346768
27,436,408429
27,436,436974
27,436,637614
27,436,721579
27,459,1324516
27,459,884315
27,473,20146
27,473,616485
27,500,425178
27,500,810670
27,6,1035277
27,6,455749
27,6,685002
27,6,999282
27,68,1007860
27,68,757869
27,761,16106
27,761,181477
27,761,242236
27,761,840629
27,77,1044437
27,77,1098972
27,77,343693
27,77,965545
28,236,46616
28,349,1366290
28,349,1399682
28,414,1375094
28,414,37197
28,414,558317
28,456,1132453
28,456,673793
28,461,1192219
28,518,1250381
28,518,1447996
29,413,201643
3,108,481345
3,219,1234026
3,236,1516526
3,456,106926
3,518,1121332
3,64,161754
3,64,360692
3,670,928569
3,729,388085
3,76,682095
3,785,246562
3,788,40761
3,793,342447
3,796,411961
3,904,83247
30,106,1333863
30,106,1459189
30,111,772872
30,133,1274270
30,133,671682
30,133,800369
30,133,854491
30,139,218168
30,139,98411
30,303,1017613
30,303,407375
30,436,1107798
30,461,416900
30,64,33192
30,64,442003
30,64,681768
30,64,711617
30,666,746096
30,734,851321
30,761,1344350
30,761,627714
30,761,854634
30,761,994137
30,77,1096088
30,77,267678
30,77,541539
30,77,671378
30,844,356459
30,9,833888
30,926,1054024
30,926,990391
31,102,77074
31,133,1275641
31,240,860113
31,273,459647
31,310,1384646
31,325,1086615
31,325,1159867
31,325,1166869
31,325,1281215
31,325,1316715
31,325,156118
31,325,168221
31,325,369264
31,325,425033
31,325,499967
31,325,576964
31,325,770966
31,325,949473
31,405,450750
31,500,1010716
31,500,1132116
31,500,1341300
31,500,1444132
31,500,188174
31,500,196517
31,500,249843
31,500,320272
31,500,351213
31,500,415219
31,500,746408
31,500,91711
31,609,775780
31,731,516365
31,74,414604
31,780,58372
31,783,322865
31,878,177526
31,893,492313
31,928,255544
32,106,1073313
32,106,1301513
32,106,1314693
32,106,137609
32,106,1502096
32,106,666357
32,106,796076
32,106,994657
32,11,1485218
32,133,1159542
32,133,1198482
32,133,1420711
32,133,1439891
32,133,167338
32,133,188661
32,133,197675
32,133,367400
32,133,422244
32,133,528345
32,133,556339
32,133,662180
32,133,760215
32,133,866664
32,139,1152419
32,139,738746
32,15,719577
32,153,819428
32,161,1472544
32,161,174432
32,161,701930
32,161,85677
32,183,119603
32,193,995146
32,210,292698
32,212,1132217
32,215,911669
32,233,769265
32,248,132172
32,248,1388536
32,248,465383
32,248,836870
32,248,858160
32,253,22133
32,253,245639
32,253,314777
32,253,569421
32,256,1190901
32,262,1245045
32,262,1350416
32,262,145054
32,275,282325
32,277,1424882
32,28,357644
32,283,1163468
32,283,165252
32,283,486354
32,283,918211
32,290,1429922
32,293,553528
32,311,1488162
32,311,1511366
32,313,1293384
32,331,628827
32,344,1102259
32,346,19271
32,358,1213164
32,358,1530920
32,362,211566
32,372,1033807
32,377,874063
32,397,553651
32,407,1240711
32,413,428700
32,413,668753
32,413,998934
32,414,1477742
32,436,1367550
32,436,538595
32,436,628472
32,448,1491966
32,456,1349691
32,456,1445542
32,457,742788
32,458,1037378
32,461,1263683
32,473,1000475
32,473,1230715
32,473,566497
32,473,772995
32,473,832423
32,473,86464
32,473,962499
32,473,983226
32,479,39411
32,479,475294
32,517,1014925
32,535,1066758
32,576,281209
32,599,370078
32,620,528105
32,623,849699
32,64,970011
32,651,1513084
32,662,494224
32,671,1143987
32,68,219753
32,69,598152
32,691,1284513
32,691,342899
32,701,1462151
32,704,1124013
32,704,1127720
32,704,1528362
32,709,1022629
32,719,1422198
32,726,1413907
32,742,1530767
32,742,209794
32,742,299801
32,742,902211
32,747,588934
32,761,1155014
32,761,1174371
32,761,140989
32,761,1504156
32,761,259125
32,761,27551
32,761,5206
32,761,682707
32,761,729681
32,761,759823
32,761,997617
32,764,1269374
32,764,288574
32,77,1042191
32,77,1141771
32,77,1165527
32,77,1216906
32,77,1254340
32,77,1358357
32,77,1402067
32,77,1492523
32,77,1530093
32,77,26432
32,77,273627
32,77,578892
32,77,687476
32,77,710839
32,77,720762
32,77,732059
32,77,927884
32,783,1238793
32,783,1307948
32,783,856272
32,796,1533812
32,796,663932
32,796,930795
32,805,142552
32,805,1478912
32,805,397174
32,805,823388
32,805,985302
32,819,1338361
32,82,274932
32,831,972946
32,833,633130
32,841,1209637
32,841,1423492
32,841,161556
32,842,669291
32,844,413739
32,879,1426582
32,888,394085
32,896,1178444
32,896,27217
32,896,700086
32,9,1487458
32,9,182047
32,9,208668
32,9,474682
32,9,887693
32,90,1409597
32,90,539932
32,90,558352
32,901,1004427
32,903,102444
32,903,429395
32,903,868112
32,908,1375236
33,425,959537
33,518,671702
34,191,660230
34,242,641285
34,280,333119
34,298,560835
34,331,1088566
34,368,206426
34,466,860421
34,473,720590
34,489,312434
34,508,1272385
34,517,296875
34,521,446902
34,672,480526
34,763,1490290
34,844,419671
35,133,1444845
35,133,822972
35,314,1391198
35,314,464834
35,408,420717
35,667,1241630
35,667,1319092
35,667,348254
35,682,1070728
35,744,282506
35,744,414831
36,23,144060
36,296,1292315
36,306,920856
36,371,1341928
36,473,529815
36,566,747693
36,572,920425
37,10,1486217
37,120,1005190
37,120,1185079
37,226,62939
37,252,664704
37,270,762224
37,283,515746
37,358,1264471
37,414,54600
37,449,1343944
37,449,277526
37,449,403737
37,449,405330
37,449,442623
37,449,853528
37,449,892747
37,495,1230417
37,517,740142
37,524,937926
37,546,1338183
37,546,18698
37,576,350370
37,761,1476532
37,761,287951
37,761,714551
37,761,764516
37,821,1023034
37,821,224255
37,821,482860
37,821,590679
37,868,1052478
38,133,1059670
38,133,1296739
38,133,1489749
38,133,267499
38,133,430709
38,133,503860
38,133,504947
38,133,911485
38,139,1200506
38,158,378552
38,164,435313
38,248,1094676
38,248,1232132
38,248,1250179
38,248,368436
38,248,912582
38,248,999321
38,262,1240933
38,262,1279196
38,262,1349701
38,262,1501378
38,277,1211181
38,277,527026
38,277,796767
38,283,500820
38,283,893723
38,3,1401326
38,303,145550
38,303,444738
38,303,77946
38,311,1040193
38,323,1408764
38,323,375338
38,323,907619
38,327,230965
38,331,1069680
38,331,1532339
38,331,348540
38,331,379174
38,331,480114
38,331,509130
38,331,640523
38,331,833090
38,331,923379
38,358,1043958
38,358,1256648
38,358,1449872
38,358,436607
38,358,47613
38,374,133052
38,414,1446514
38,414,667494
38,414,743599
38,414,857418
38,416,1049681
38,417,446702
38,417,686746
38,436,1133407
38,436,1336659
38,436,1483440
38,436,190575
38,436,451665
38,436,489837
38,436,616580
38,436,63580
38,436,984373
38,451,121205
38,451,1242489
38,451,160389
38,451,529130
38,451,775735
38,451,903254
38,455,1125273
38,456,179653
38,456,644197
38,459,173199
38,459,263954
38,461,1363775
38,473,1169132
38,473,237584
38,473,503379
38,473,608928
38,473,734626
38,475,577080
38,479,1002661
38,479,1040847
38,479,1446102
38,479,149190
38,479,292799
38,479,452723
38,479,713625
38,479,848650
38,479,929723
38,517,312956
38,542,1446169
38,543,686185
38,606,773799
38,635,395135
38,651,538842
38,666,1094928
38,671,352566
38,691,1321471
38,691,1333724
38,691,636122
38,691,93085
38,733,1015751
38,734,1267227
38,742,1412624
38,742,80590
38,761,152059
38,761,640462
38,761,659917
38,761,73226
38,77,1034321
38,77,1136269
38,77,1295155
38,77,1500856
38,77,623894
38,77,66152
38,77,808381
38,783,1430016
38,783,594454
38,783,725151
38,790,346652
38,796,1197250
38,796,1266652
38,796,327895
38,796,351633
38,796,512281
38,796,607162
38,796,682443
38,796,744815
38,810,17659
38,868,912529
38,879,1002086
38,879,1505506
38,879,634016
38,879,808649
38,888,1039939
38,893,15382
38,893,331463
38,893,446334
38,893,498668
38,893,778411
38,898,1034457
38,903,1047207
38,903,1489413
38,903,64508
38,903,905546
39,10,46299
39,133,924962
39,15,1027533
39,154,1161807
39,182,1396333
39,189,569677
39,190,959389
39,193,1020427
39,193,541899
39,216,1024483
39,245,1353917
39,257,970725
39,283,187735
39,283,853888
39,303,1376674
39,303,474199
39,306,1440458
39,311,1492368
39,325,1294373
39,334,1330452
39,400,738657
39,405,377597
39,406,1358317
39,406,168896
39,406,516189
39,407,1058568
39,407,1350040
39,407,426374
39,413,380889
39,413,882181
39,447,342448
39,449,1093313
39,449,1230211
39,449,125706
39,449,1266523
39,449,155086
39,449,257265
39,449,291085
39,449,460106
39,449,521253
39,449,533062
39,449,576078
39,449,657233
39,449,677108
39,451,1226407
39,456,223335
39,456,766805
39,456,828159
39,459,955765
39,472,1338380
39,473,107416
39,473,467178
39,479,1067942
39,479,1247065
39,479,1303260
39,479,1368990
39,479,1405344
39,479,1502905
39,479,1528075
39,479,272873
39,479,38994
39,479,416569
39,479,532374
39,479,545069
39,479,6112
39,479,756850
39,479,783510
39,479,882880
39,479,901968
39,49,1116061
39,512,123320
39,541,1043938
39,546,1064332
39,546,834187
39,546,925764
39,595,1273238
39,595,397727
39,595,885894
39,596,510368
39,627,1151148
39,656,146222
39,656,1497653
39,656,1508178
39,656,237672
39,656,543193
39,657,1512358
39,657,362421
39,657,723683
39,68,1059629
39,68,356180
39,69,638303
39,69,994131
39,695,1037803
39,704,843770
39,72,1182083
39,724,192756
39,733,1125765
39,74,859897
39,758,362099
39,758,383213
39,758,634005
39,796,666397
39,80,1039081
39,802,490373
39,806,1266099
39,819,584631
39,819,614570
39,819,757251
39,821,1229145
39,821,1439307
39,821,1480723
39,821,485952
39,821,495446
39,821,499535
39,821,675391
39,830,579137
39,868,269128
39,868,396146
39,868,488214
39,868,789570
39,868,842198
39,88,216623
39,896,102173
39,896,272282
39,9,325253
39,90,1498849
39,903,421466
39,906,1059129
39,912,755073
4,104,338994
4,130,456598
4,188,674804
4,189,1065105
4,189,1312683
4,189,1525994
4,189,69511
4,189,750813
4,238,432592
4,285,40088
4,401,1013492
4,449,1364596
4,449,278037
4,449,603860
4,449,705997
4,45,1496785
4,473,1468772
4,473,1495815
4,473,1507053
4,473,1550087
4,473,284255
4,473,409278
4,473,51085
4,473,576870
4,473,606434
4,473,847667
4,473,903373
4,473,94097
4,479,803460
4,546,1168027
4,546,752273
4,549,1492990
4,595,906576
4,627,11050
4,627,1251632
4,627,145372
4,627,334075
4,627,336910
4,627,41033
4,628,1219185
4,628,1397903
4,628,150110
4,628,225814
4,628,972305
4,628,974534
4,681,980869
4,784,1298854
4,858,419682
4,858,460224
4,858,860494
4,887,630284
4,903,1197625
4,903,1300883
4,903,450974
4,903,475915
4,903,532469
4,903,598175
4,903,608860
4,903,823279
40,390,1156795
40,470,306675
40,518,283911
40,518,451944
40,667,1390069
40,667,986430
40,729,878004
40,761,868929
40,791,323061
41,119,909746
41,176,695668
41,176,726078
41,246,532388
41,288,312608
41,418,1016305
41,418,1022129
41,418,1068434
41,418,1207740
41,418,1451706
41,418,1478349
41,418,190481
41,418,213779
41,418,23935
41,418,411085
41,418,755583
41,418,81861
41,418,859660
41,418,868439
41,461,1067933
41,461,1130880
41,461,1154383
41,461,1251482
41,461,1460732
41,461,1461780
41,461,1522207
41,461,1539915
41,461,192535
41,461,234507
41,461,367003
41,461,484557
41,461,58409
41,461,867737
41,461,956850
41,49,978410
41,52,1064348
41,52,274820
41,52,426931
41,52,475020
41,52,72847
41,52,729145
41,52,8162
41,52,959288
41,53,781786
41,624,1136417
41,624,1352665
41,624,1503833
41,624,151761
41,624,299997
41,624,473404
41,634,769721
41,68,683895
41,704,59191
41,797,41155
41,846,1260299
41,846,232351
41,846,249280
41,846,3358
41,846,984885
41,880,435949
42,134,467056
42,136,586972
42,193,793129
42,25,1538849
42,262,207318
42,303,442167
42,331,38552
42,345,34386
42,37,1288733
42,37,1416756
42,387,1047812
42,387,899889
42,39,1296340
42,413,1112961
42,413,1462910
42,451,57968
42,451,712291
42,459,852218
42,461,1381246
42,473,1518369
42,479,1076862
42,479,866856
42,513,1550500
42,545,510485
42,610,588253
42,670,981101
42,69,723771
42,742,1303703
42,742,340841
42,743,864964
42,783,1370776
42,796,1272578
42,844,459904
42,875,595397
42,893,310547
42,9,1205018
42,90,679715
43,461,405582
43,461,785742
44,200,238420
44,313,1102575
44,414,1034064
44,473,709679
44,640,426894
44,761,1342241
45,127,72688
45,133,1190830
45,133,27548
45,133,337909
45,139,1296066
45,187,1472134
45,189,1258181
45,192,801988
45,197,888462
45,200,1284290
45,24,1237775
45,241,955675
45,244,348351
45,283,787847
45,303,1202992
45,303,725137
45,303,908398
45,331,1084813
45,339,1254019
45,342,1024084
45,345,275701
45,413,1096256
45,449,1096116
45,449,1456299
45,449,1475477
45,449,77152
45,456,446012
45,459,353922
45,473,394981
45,473,664754
45,479,762036
45,479,940099
45,482,70356
45,488,344026
45,491,1423571
45,491,214556
45,551,601480
45,572,370425
45,576,1276716
45,576,709936
45,587,1094783
45,613,807524
45,634,568218
45,651,1346856
45,656,1062492
45,656,1133189
45,656,1332205
45,656,86120
45,673,354790
45,680,1135381
45,69,1479410
45,742,837241
45,75,546843
45,783,83255
45,783,991831
45,796,1080416
45,796,777738
45,821,1509952
45,821,1513384
45,821,891404
45,857,1048453
45,875,1144948
45,899,311507
45,9,1148500
45,903,764212
45,907,1431780
46,187,1197702
46,187,523431
46,187,747030
46,187,820691
46,197,1212362
46,303,239848
46,479,633893
46,649,127444
46,649,609484
46,70,1165748
46,70,941448
46,75,813805
46,796,668571
46,898,229362
46,919,830936
47,106,1129704
47,106,1285967
47,106,1409272
47,106,309620
47,106,407942
47,106,691402
47,106,965055
47,111,865107
47,127,724570
47,133,1056792
47,133,1098237
47,133,134303
47,133,143559
47,133,1475271
47,133,1477210
47,133,292527
47,133,307432
47,133,365095
47,133,599636
47,133,687338
47,133,700157
47,133,711268
47,133,821034
47,139,1355303
47,139,676893
47,139,934773
47,156,1472612
47,193,321508
47,215,459963
47,248,1473245
47,248,270581
47,248,270622
47,248,545703
47,248,559421
47,283,116715
47,303,1340910
47,303,309369
47,303,384647
47,326,987902
47,331,196022
47,343,1187819
47,343,232296
47,343,797724
47,358,1149849
47,358,869609
47,383,1337991
47,413,1521597
47,414,642985
47,431,1049620
47,436,1105947
47,436,1121072
47,436,1343876
47,436,289854
47,436,315408
47,436,340554
47,436,495903
47,436,727526
47,436,798384
47,449,1355499
47,449,238173
47,449,742434
47,456,780365
47,459,1050370
47,459,1513067
47,459,640844
47,459,642697
47,459,754341
47,459,835440
47,459,919503
47,473,110249
47,473,473732
47,473,613459
47,473,614628
47,49,720186
47,508,1472150
47,536,1118176
47,55,1511268
47,550,496476
47,558,1088904
47,576,1298866
47,576,1411628
47,576,826675
47,605,1528438
47,605,277973
47,634,24848
47,650,950468
47,658,645680
47,666,26617
47,667,1390441
47,667,269190
47,667,311474
47,667,393030
47,667,738138
47,667,763980
47,671,696162
47,671,903338
47,69,330089
47,73,376979
47,73,466327
47,73,549959
47,734,675285
47,734,929361
47,742,376137
47,742,64724
47,742,68278
47,742,813898
47,744,1033066
47,744,106097
47,744,1227040
47,744,1293433
47,744,157368
47,744,228032
47,744,586800
47,744,853655
47,761,1209570
47,761,1315579
47,761,1337283
47,761,1367239
47,761,1387867
47,761,1511497
47,761,318192
47,761,599234
47,761,639552
47,761,654274
47,761,764569
47,761,932188
47,761,998623
47,77,1034996
47,77,1107580
47,77,1169514
47,77,1174664
47,77,143026
47,77,1546418
47,77,179381
47,77,384570
47,77,395422
47,77,54033
47,77,674487
47,77,692364
47,77,812967
47,796,1232815
47,805,1319919
47,805,891778
47,821,828829
47,828,88758
47,83,1307518
47,83,886831
47,832,1520661
47,857,769030
47,868,298803
47,888,237469
47,888,289561
47,888,330124
47,9,370273
47,9,56599
47,9,881281
47,9,934303
47,90,706871
47,907,1367746
47,907,308202
47,907,55526
47,907,696052
47,907,958407
47,914,1330189
47,926,1039662
47,98,1003309
48,158,1010417
48,187,1102137
48,187,1200031
48,187,1231628
48,187,1415248
48,193,579685
48,20,404910
48,215,102995
48,247,366272
48,283,1390352
48,302,1351392
48,302,216730
48,302,607851
48,302,918771
48,327,1428808
48,414,467503
48,414,615484
48,456,1082261
48,456,1480569
48,456,311101
48,456,58272
48,456,921370
48,461,1551664
48,461,248632
48,461,368528
48,461,42978
48,461,562321
48,461,596571
48,461,980962
48,479,1199200
48,479,130500
48,479,1308452
48,479,1412011
48,479,1541294
48,479,224752
48,479,456367
48,479,509921
48,479,720463
48,479,773459
48,479,776736
48,479,782507
48,479,921064
48,502,1405626
48,509,1218431
48,509,1499380
48,509,185151
48,509,848258
48,509,954183
48,518,1007289
48,518,1087553
48,518,1183649
48,518,129638
48,518,1468664
48,518,412015
48,518,578234
48,518,928862
48,551,1208839
48,551,1235505
48,551,1250801
48,551,1388165
48,551,518307
48,551,665393
48,551,746187
48,578,1482026
48,579,1332232
48,595,543544
48,612,1498808
48,634,1459890
48,651,134019
48,653,320092
48,653,43939
48,69,1406547
48,69,150731
48,71,141717
48,742,935385
48,748,1131174
48,748,1369132
48,748,665246
48,748,748434
48,748,938514
48,754,1238304
48,788,977548
48,796,1140366
48,796,1370736
48,796,1446599
48,796,329617
48,796,480009
48,796,578874
48,796,910463
48,818,662508
48,844,1170853
48,855,1085601
48,868,1238868
48,868,995687
49,101,410191
49,139,463865
49,18,1509464
49,251,1073852
49,345,1293004
49,345,178749
49,425,1310153
49,425,240544
49,436,482861
49,449,1154297
49,449,1306008
49,449,597506
49,449,605930
49,456,1018525
49,456,116954
49,456,552607
49,459,892879
49,461,1195784
49,461,413403
49,461,73184
49,473,1395015
49,473,448841
49,491,367338
49,518,1173445
49,518,602536
49,572,727381
49,576,531583
49,584,1148342
49,627,1461928
49,656,1271633
49,656,757999
49,666,374515
49,693,451661
49,693,620701
49,762,108572
49,818,1353130
49,818,462663
49,821,1099299
49,821,1143185
49,821,1190602
49,821,292920
49,836,458818
49,858,166752
49,900,50574
5,325,180309
5,360,106411
5,595,1068087
5,656,1457957
5,733,735643
5,758,1113472
5,931,1376999
50,132,1348130
50,132,613303
50,459,105825
50,459,1240258
50,473,1027934
50,473,554388
51,396,912559
51,473,1313638
51,656,1438502
52,133,168614
52,133,698035
52,190,665755
52,303,607719
52,667,309652
52,667,779996
52,744,1421982
52,744,635087
52,914,555914
52,926,204291
53,133,1140679
53,133,675649
53,182,566765
53,244,215029
53,244,399430
53,262,1523359
53,331,376566
53,331,737812
53,385,465462
53,385,765890
53,479,1279015
53,491,927195
53,494,1137601
53,494,1521240
53,544,571144
53,551,532590
53,553,122448
53,553,441642
53,625,307559
53,625,74366
53,903,113629
53,903,289705
54,187,1214175
54,187,1537171
54,303,1266322
54,476,1398226
54,491,1533358
54,491,923796
54,525,1155099
54,649,414408
54,656,1416670
54,656,476655
54,766,198226
54,838,41239
54,840,459114
54,868,1317447
54,868,812980
54,885,467710
55,133,1213471
55,133,294345
55,285,718807
55,331,1517335
55,413,1424500
55,473,45111
55,576,899611
55,634,105663
55,667,289996
55,667,936904
55,744,1445820
55,744,84839
56,133,915915
56,182,1235041
56,248,229043
56,262,1372707
56,436,897794
56,436,907695
56,456,465498
56,531,43817
56,565,1374786
57,172,1257796
57,178,1304633
57,203,1533399
57,230,1378205
57,280,869173
57,311,320962
57,311,85316
57,320,405293
57,363,1077737
57,380,76660
57,399,282178
57,425,140419
57,451,137059
57,456,383739
57,456,485349
57,461,1000052
57,461,733192
57,487,1169490
57,506,174484
57,515,166107
57,518,795028
57,530,867576
57,574,714562
57,605,489707
57,642,681435
57,659,1360407
57,68,149267
57,68,877645
57,707,719764
57,707,832643
57,739,101532
57,742,1196951
57,77,1402107
57,798,19069
57,798,885762
57,862,409237
57,876,1344988
57,913,595723
57,921,862027
58,181,504067
58,283,684279
58,294,1115366
58,405,1524394
58,51,204170
58,586,792455
58,588,37755
58,656,1220717
58,656,1341261
58,656,176371
58,656,745257
58,656,80073
58,664,617326
59,121,13529
59,161,542158
59,25,1429190
59,364,1121630
59,396,1240217
59,405,1292486
59,414,1332682
59,456,659827
59,461,1272161
59,473,1365905
59,473,595147
59,546,1491786
59,594,101410
59,602,1232222
59,656,1174159
59,656,1220788
59,656,1431661
59,656,1479217
59,656,219957
59,656,346860
59,656,362819
59,821,24389
59,821,840780
59,929,437225
59,99,443482
6,138,813311
6,163,480552
6,20,982257
6,287,1161112
6,287,422501
6,287,682691
6,287,895615
6,302,816696
6,33,1316693
6,390,247472
6,425,1224131
6,425,1479772
6,425,732284
6,425,934948
6,470,120685
6,470,143814
6,470,488346
6,470,531191
6,470,639819
6,518,1228692
6,518,1289017
6,518,1352491
6,518,1521278
6,518,168178
6,518,272879
6,518,393967
6,518,417228
6,518,502997
6,518,639410
6,518,69372
6,523,1262839
6,533,256631
6,552,591093
6,652,1086712
6,667,1037119
6,667,1114931
6,667,1136696
6,667,233321
6,667,493870
6,667,849756
6,667,948835
6,694,1238809
6,729,541435
6,729,709775
6,741,723330
6,761,1267871
6,768,1175682
6,780,340076
6,788,746978
6,791,1396231
6,791,1531266
6,824,719385
6,864,356368
60,181,542410
61,130,29136
61,132,119956
61,132,1310123
61,132,310656
61,132,788031
61,158,497200
61,177,179209
61,187,502576
61,188,1501738
61,189,1075771
61,189,1207217
61,189,1394449
61,189,142703
61,189,26078
61,189,350692
61,189,671367
61,238,187007
61,260,228500
61,344,407761
61,414,200610
61,415,1160304
61,415,1510544
61,415,773706
61,442,227785
61,449,611502
61,473,1060432
61,473,1450782
61,473,1511160
61,473,44654
61,479,1139801
61,479,145443
61,479,1492694
61,479,751496
61,479,793669
61,543,1118619
61,543,1291867
61,543,202017
61,543,211188
61,543,488816
61,543,545119
61,543,559930
61,543,828615
61,548,744778
61,549,664159
61,582,1487485
61,595,747199
61,60,1499353
61,627,1119690
61,627,1245584
61,627,1299115
61,649,576634
61,681,1472027
61,738,1278576
61,77,1499821
61,783,1542755
61,808,533104
61,858,202622
61,887,782944
61,893,413509
61,903,102970
61,903,1353974
61,903,144656
61,903,14801
61,903,243667
61,903,244858
61,903,430198
61,903,734228
61,903,7890
61,903,819900
61,903,870095
62,103,1108583
62,112,1329365
62,125,514628
62,128,795950
62,133,1008376
62,133,1386641
62,133,1426925
62,133,440955
62,139,1341514
62,139,1390934
62,139,527085
62,139,913230
62,147,1249853
62,161,1341162
62,161,1470952
62,161,254705
62,161,269197
62,174,659214
62,180,740840
62,183,1233419
62,190,1306307
62,190,23385
62,190,345891
62,193,182671
62,20,470699
62,207,70609
62,213,1051491
62,213,731814
62,215,1314516
62,225,1272061
62,225,1525421
62,236,1069725
62,236,1166404
62,236,119475
62,236,122068
62,236,1303564
62,236,1312397
62,236,1363512
62,236,1517995
62,236,299636
62,236,306204
62,236,347271
62,236,431242
62,236,501740
62,236,533299
62,236,55710
62,236,658493
62,236,695935
62,236,72559
62,236,7618
62,239,1533020
62,239,620390
62,253,1084127
62,266,1031875
62,269,1368913
62,269,1491198
62,269,217853
62,269,26109
62,269,278751
62,269,577620
62,269,629748
62,269,764
62,269,771481
62,269,798434
62,269,896552
62,269,91663
62,269,969302
62,283,440322
62,302,439460
62,307,375546
62,32,1527122
62,331,1221771
62,337,1015068
62,337,1267184
62,337,1419793
62,337,1463438
62,337,1524825
62,337,167476
62,337,386875
62,337,608098
62,337,704717
62,340,169398
62,340,374120
62,349,1237675
62,349,1493164
62,349,428424
62,349,720237
62,350,892069
62,351,916769
62,358,1023363
62,358,1083589
62,358,1135680
62,358,1138943
62,358,1163322
62,358,1254985
62,358,1295012
62,358,1309862
62,358,1328352
62,358,133928
62,358,1343705
62,358,1366933
62,358,1410625
62,358,1418623
62,358,1433804
62,358,1484192
62,358,1534305
62,358,153636
62,358,173386
62,358,214960
62,358,281210
62,358,287709
62,358,313952
62,358,317522
62,358,341395
62,358,428876
62,358,440181
62,358,444595
62,358,446759
62,358,45370
62,358,475938
62,358,515444
62,358,577889
62,358,64129
62,358,644333
62,358,679433
62,358,682797
62,358,750852
62,358,807434
62,358,846664
62,358,846967
62,358,880959
62,358,88859
62,358,956566
62,369,1493930
62,405,1507250
62,405,27664
62,413,820771
62,414,1237431
62,414,1454415
62,414,1485025
62,414,1487575
62,414,542826
62,414,691224
62,430,1049380
62,430,1352787
62,430,596153
62,448,60829
62,456,1170671
62,456,1281174
62,456,1490836
62,456,290277
62,456,334873
62,456,428888
62,456,770285
62,456,821302
62,461,1227059
62,461,1506344
62,461,653011
62,461,858815
62,473,1001742
62,473,1009559
62,473,1024270
62,473,1046570
62,473,1091911
62,473,1152934
62,473,1181922
62,473,1286974
62,473,1307388
62,473,1311790
62,473,1327760
62,473,1328312
62,473,1337751
62,473,1368729
62,473,1370706
62,473,1391832
62,473,1419532
62,473,228198
62,473,243081
62,473,321157
62,473,348968
62,473,400288
62,473,418943
62,473,422849
62,473,432314
62,473,505780
62,473,512214
62,473,514808
62,473,51508
62,473,581341
62,473,590710
62,473,621174
62,473,621624
62,473,64610
62,473,660708
62,473,672608
62,473,688378
62,473,750593
62,473,753885
62,473,849816
62,473,960602
62,473,96863
62,473,972541
62,473,979626
62,479,110880
62,49,228986
62,493,765533
62,499,115814
62,518,1116597
62,518,1143244
62,518,1206737
62,518,655314
62,518,758008
62,537,634953
62,544,1069494
62,544,284783
62,545,248007
62,553,102646
62,553,1420117
62,563,1083265
62,564,1100418
62,572,1658
62,576,1055313
62,576,177388
62,591,721147
62,611,533191
62,634,939414
62,651,374966
62,651,414524
62,651,513850
62,651,785199
62,663,1476742
62,68,930620
62,688,162385
62,69,1423378
62,702,47434
62,704,138924
62,704,84033
62,736,910953
62,742,859065
62,75,1488241
62,752,921047
62,77,1090768
62,77,474288
62,77,534138
62,774,1503768
62,782,576188
62,783,1022786
62,783,149950
62,783,1543333
62,783,174003
62,783,558310
62,786,1465733
62,796,298670
62,805,1129154
62,809,646994
62,827,1255281
62,831,564513
62,834,775764
62,84,1131185
62,84,121061
62,84,1240824
62,84,1287650
62,84,1514070
62,84,189534
62,84,35728
62,84,42945
62,84,501500
62,84,730969
62,84,807420
62,84,823494
62,84,878948
62,84,913637
62,844,1123518
62,85,943650
62,856,1117738
62,864,891385
62,864,966944
62,87,1530690
62,873,626609
62,882,1505276
62,882,583681
62,888,1030628
62,888,1053246
62,888,1062761
62,888,1483940
62,888,1508794
62,888,377220
62,888,884613
62,891,1237319
62,891,699481
62,891,831085
62,891,972170
62,9,433992
62,90,1215974
62,90,1293845
62,90,1365018
62,90,345597
62,90,641817
62,90,670985
62,90,723367
62,90,763657
62,903,126991
62,91,1197283
62,91,851671
62,910,1360779
62,912,1010898
63,106,1032103
63,106,1140015
63,106,408994
63,106,529549
63,106,654450
63,133,26187
63,133,335368
63,133,387209
63,133,416187
63,133,498690
63,133,530715
63,139,772399
63,159,853658
63,164,879232
63,182,1117182
63,182,225671
63,190,980066
63,193,1406381
63,206,1081479
63,206,1294438
63,206,1491565
63,206,344686
63,206,91728
63,208,1425664
63,243,43007
63,248,491307
63,262,1232362
63,277,36981
63,281,1323423
63,283,323493
63,285,1318568
63,285,883493
63,303,900668
63,331,650861
63,351,1060991
63,351,1111275
63,358,94388
63,367,435839
63,378,202282
63,407,1047058
63,407,220460
63,413,1513636
63,413,646356
63,414,1126929
63,414,49687
63,436,1004900
63,436,1134301
63,436,273397
63,436,406860
63,436,474420
63,449,887600
63,456,350328
63,461,690656
63,473,1065211
63,473,1190521
63,473,1297439
63,473,183209
63,473,548902
63,473,582768
63,479,1075517
63,479,1324065
63,479,1330671
63,479,1481888
63,479,212078
63,479,243497
63,479,462476
63,479,521029
63,479,953684
63,481,993800
63,49,1040930
63,517,20324
63,517,219339
63,521,1471776
63,541,121646
63,559,1379088
63,605,621312
63,64,1044166
63,64,32010
63,64,331196
63,650,1003956
63,650,1167974
63,651,1001180
63,651,1527906
63,68,485052
63,688,43192
63,69,333984
63,69,491231
63,691,289930
63,704,657321
63,704,65871
63,742,348687
63,758,455342
63,761,1055349
63,761,1118955
63,761,1201428
63,761,288593
63,761,850045
63,761,884518
63,77,1061517
63,77,616454
63,780,688636
63,783,471225
63,794,863493
63,796,1078604
63,796,512312
63,805,209169
63,805,255273
63,805,738454
63,814,803549
63,82,1299446
63,822,216103
63,854,97687
63,864,1160174
63,875,1077090
63,879,541659
63,888,1394036
63,9,1125523
63,9,293832
63,9,381778
63,90,1257105
63,90,1523991
63,90,62416
63,903,1048946
64,14,1344586
64,15,1211099
64,150,323189
64,158,1490861
64,220,441346
64,227,382432
64,240,1183330
64,240,1340770
64,272,857090
64,277,822701
64,289,1279407
64,300,287220
64,355,813000
64,372,1180161
64,372,290476
64,375,1296125
64,407,1300428
64,413,719534
64,414,1059900
64,414,13296
64,414,526014
64,449,1306663
64,456,1151849
64,456,1342770
64,456,191616
64,456,463560
64,459,10111
64,459,1347823
64,461,286709
64,461,848752
64,473,1089815
64,473,1409447
64,473,920899
64,473,948418
64,473,989743
64,477,1400942
64,477,161964
64,477,254214
64,477,491352
64,477,794809
64,479,394967
64,500,1137595
64,500,540460
64,500,714666
64,500,904446
64,504,726088
64,541,1537619
64,638,299013
64,663,20658
64,666,1493742
64,676,1360730
64,685,23592
64,686,588022
64,689,1028358
64,77,1194985
64,77,341814
64,77,770551
64,796,1005184
64,796,1063011
64,796,1469513
64,796,1525315
64,796,191275
64,796,322783
64,796,378879
64,796,492072
64,796,517236
64,796,693645
64,796,861017
64,796,922971
64,844,225180
64,844,74418
64,888,872537
64,893,761602
64,896,1046770
64,898,1015154
64,898,1504474
64,898,548248
64,906,370898
64,928,1276127
64,928,598610
65,106,1368630
65,133,1206906
65,133,1254891
65,133,806949
65,193,614331
65,2,1351181
65,2,1519059
65,215,833117
65,263,949502
65,302,1216935
65,314,1477530
65,314,344611
65,33,1448952
65,390,273640
65,413,1086695
65,414,1519700
65,414,353856
65,414,59788
65,425,138089
65,425,1415111
65,425,1532673
65,425,656092
65,518,117667
65,518,1229378
65,518,1269486
65,518,1290241
65,518,1333838
65,518,140449
65,518,1482036
65,518,1541717
65,518,302885
65,518,87513
65,518,918320
65,518,987084
65,552,671655
65,567,471504
65,567,956238
65,576,1469100
65,601,34663
65,636,1476404
65,636,51945
65,650,149942
65,650,346961
65,652,706276
65,667,1146699
65,667,1285285
65,667,1307790
65,667,1357116
65,667,1393774
65,667,221009
65,667,447460
65,667,83109
65,704,1348944
65,704,143991
65,744,1083537
65,744,1387323
65,744,373976
65,744,738468
65,744,864594
65,744,987328
65,761,451978
65,77,900396
65,783,1021659
65,788,1269598
65,844,291361
65,864,607923
65,864,745989
65,9,1058404
66,133,1077939
66,133,1096167
66,133,494639
66,236,1429838
66,236,203873
66,236,26161
66,236,287451
66,236,907394
66,240,856085
66,305,1074664
66,305,1114069
66,316,275152
66,316,553006
66,325,1465584
66,325,1521944
66,325,593490
66,325,761240
66,325,952374
66,348,653879
66,349,1211548
66,365,1082454
66,365,1467159
66,365,661996
66,394,510050
66,452,691790
66,500,1551186
66,500,246841
66,500,526613
66,500,756770
66,567,1099855
66,567,1186657
66,567,254054
66,567,620178
66,567,703087
66,630,1366731
66,64,1358246
66,64,168697
66,733,146984
66,733,554843
66,781,1173483
66,796,1381990
66,807,65163
66,844,938662
66,855,735919
67,236,425160
67,236,547240
67,283,1442835
67,366,281708
67,469,629695
67,500,1472836
67,608,672363
67,631,1171114
67,656,196237
67,656,578466
67,772,129415
67,796,539831
68,105,1385816
68,105,181205
68,105,442981
68,105,938127
68,174,113534
68,174,328558
68,187,1341076
68,187,1368616
68,187,3062
68,197,353096
68,215,318594
68,231,351221
68,236,1107456
68,254,887961
68,269,1355102
68,269,879354
68,283,121045
68,331,1106770
68,331,1412936
68,331,238224
68,331,982423
68,358,137983
68,414,1099115
68,414,1125720
68,414,1442812
68,414,147564
68,414,266923
68,414,352279
68,43,902564
68,430,192822
68,430,334699
68,436,224723
68,436,319871
68,436,982530
68,437,322221
68,451,1208039
68,456,1407687
68,456,200239
68,456,640348
68,456,865758
68,456,966604
68,461,1026935
68,461,1396320
68,461,77006
68,461,776941
68,473,508282
68,473,767049
68,517,1380414
68,518,1235979
68,518,1276171
68,518,1307354
68,518,1433232
68,518,1547582
68,518,158652
68,518,389384
68,518,46356
68,518,893993
68,518,99197
68,527,1065774
68,527,272504
68,527,430712
68,527,443770
68,527,625675
68,527,714919
68,572,1439674
68,584,1345137
68,589,1004797
68,589,675414
68,589,801145
68,589,852852
68,589,947397
68,649,1121141
68,649,1174168
68,649,1445943
68,649,1475005
68,649,84118
68,651,1238501
68,70,98856
68,728,1540730
68,728,997867
68,729,1087707
68,729,1202428
68,729,320471
68,729,542582
68,729,547412
68,742,619978
68,757,1202091
68,764,806157
68,79,1239575
68,796,652665
68,812,1069358
68,812,539014
68,816,343025
68,837,508882
68,844,1322663
68,9,862918
68,915,24246
68,915,286849
68,915,329994
68,915,35046
68,915,613537
68,915,794725
69,133,781638
69,240,1165109
69,253,1141452
69,253,1222336
69,253,1246722
69,253,1292013
69,253,1389291
69,253,1423253
69,253,154698
69,253,460433
69,253,761056
69,253,764451
69,253,786477
69,253,854632
69,253,914788
69,26,331722
69,262,1001522
69,271,987388
69,273,156553
69,273,955865
69,303,113700
69,325,1010788
69,325,1051861
69,325,1156199
69,325,1183980
69,325,1387204
69,325,1402642
69,325,1411498
69,325,1478781
69,325,182503
69,325,227080
69,325,345051
69,325,345283
69,325,399350
69,325,450709
69,325,488007
69,325,579662
69,325,663681
69,325,703749
69,325,754886
69,325,878196
69,325,89224
69,325,899904
69,325,973516
69,389,129356
69,389,148572
69,415,1134041
69,415,410587
69,415,608362
69,415,78012
69,426,383579
69,449,283161
69,449,29465
69,449,535601
69,479,1309207
69,479,552248
69,489,1157235
69,489,979749
69,500,1249536
69,500,126819
69,500,1384030
69,500,1515557
69,500,449791
69,500,465385
69,500,533086
69,500,593119
69,500,808733
69,500,827878
69,500,948742
69,500,990783
69,510,1075
69,644,784429
69,650,129191
69,656,1499857
69,656,482972
69,68,139286
69,68,912499
69,684,979700
69,720,1353716
69,731,1319720
69,731,1382545
69,731,1393791
69,731,214336
69,731,319588
69,731,991007
69,821,1013132
69,865,1195014
69,893,1482581
69,893,192439
69,893,358564
69,893,382364
69,893,676267
69,893,704791
69,893,835596
69,893,889037
69,893,927082
69,90,381100
69,923,1176071
69,923,1502175
7,16,851774
7,20,312424
7,30,1094492
7,311,1387077
7,419,50508
7,459,441905
7,459,873679
7,461,75905
7,473,1125815
7,473,201644
7,479,780817
7,518,514723
7,52,453104
7,670,1059160
7,672,22206
7,708,486208
7,708,628701
7,760,1313421
7,77,1083535
7,793,157270
7,796,478827
7,8,563772
7,841,1032129
70,122,1153371
70,133,221547
70,168,1067905
70,168,1140266
70,168,1336077
70,168,1441838
70,168,1465446
70,168,1467725
70,168,1505850
70,168,244379
70,168,375357
70,168,401524
70,168,484980
70,168,535244
70,168,747824
70,197,486015
70,25,1274674
70,25,153478
70,274,1114721
70,331,1446291
70,343,1211480
70,343,1283692
70,343,1340398
70,343,308946
70,343,406827
70,343,635643
70,343,781782
70,351,122560
70,358,1354327
70,409,424807
70,443,1521272
70,459,1317380
70,459,239728
70,459,246318
70,459,25866
70,459,544369
70,459,689397
70,459,838236
70,459,893419
70,459,978460
70,464,232331
70,471,497182
70,473,124138
70,474,732241
70,474,812905
70,479,1320883
70,479,1411321
70,479,1470574
70,479,628251
70,488,1194063
70,488,1283775
70,488,520015
70,491,794512
70,545,1000072
70,545,1049004
70,545,1141867
70,545,1180349
70,545,1247899
70,545,1464921
70,545,1479618
70,545,209523
70,545,476195
70,545,616244
70,545,71655
70,545,718992
70,545,787945
70,576,1034951
70,576,398764
70,576,421526
70,576,721401
70,613,1046812
70,613,1457845
70,634,1242920
70,655,56319
70,69,973195
70,723,179800
70,743,10507
70,743,1061443
70,743,1278017
70,743,1388385
70,743,1392293
70,743,657422
70,743,710946
70,743,712353
70,743,864001
70,743,902868
70,743,974755
70,783,609574
70,783,890096
70,783,943314
70,796,382762
70,796,767178
70,861,1040354
70,861,1056858
70,861,1248325
70,861,1331689
70,861,1372210
70,861,1416273
70,861,1496770
70,861,1516190
70,861,214736
70,864,1447286
70,884,1069214
70,899,854621
70,903,1259591
70,903,690788
70,903,704528
70,903,997047
71,429,255970
71,461,101238
71,461,109202
72,133,955756
72,262,36153
72,325,987210
72,459,1185535
72,473,1246807
72,473,717585
72,57,1319583
72,761,822123
73,151,1390994
73,196,389348
73,253,487948
73,279,162589
73,279,787778
73,406,717346
73,415,425756
73,461,1003103
73,461,1118018
73,461,1202892
73,461,1237634
73,461,1328916
73,461,1356659
73,461,1394802
73,461,27541
73,461,344633
73,461,35309
73,461,443122
73,461,617828
73,461,654593
73,461,659044
73,461,884134
73,473,1499703
73,473,1510771
73,479,1138924
73,479,1219413
73,479,137104
73,479,1497038
73,479,767948
73,479,868825
73,479,889259
73,486,208044
73,49,870384
73,511,1388506
73,511,374180
73,511,700891
73,543,498351
73,543,676664
73,595,430904
73,624,780050
73,674,415769
73,68,543777
73,683,1229527
73,722,795685
73,722,831871
73,730,1381615
73,780,1133652
73,780,1319122
73,780,631533
73,780,789502
73,780,886815
73,8,1062064
73,8,230093
73,8,656332
73,818,1415498
73,818,674136
73,818,863314
73,821,429236
73,822,1124867
73,822,1139706
73,822,1520470
73,822,359763
73,822,594026
73,822,869186
73,822,959333
73,874,556598
74,280,1299165
74,311,600650
74,487,730039
74,518,754716
74,642,450395
75,158,1233244
75,158,725430
75,414,233494
75,414,896932
75,479,1291522
75,479,1428384
75,546,1025184
75,546,640400
76,131,122137
76,317,1347024
76,473,755244
76,655,1537367
76,796,1242693
76,897,114036
76,915,943082
77,126,228054
77,160,734811
77,160,91263
77,202,35965
77,25,890710
77,317,126036
77,317,252564
77,317,364270
77,419,1146764
77,419,49198
77,420,1109229
77,453,903155
77,460,1208739
77,461,1484177
77,461,292492
77,461,353194
77,461,566199
77,473,1210686
77,473,299250
77,486,909888
77,489,1045695
77,621,381347
77,622,674168
77,624,802543
77,641,976803
77,742,1094458
77,742,93032
77,745,1407632
77,790,540894
77,875,1323556
77,894,962569
77,90,955173
77,903,960105
78,133,1497576
78,133,353051
78,133,756968
78,158,233320
78,236,1312053
78,236,291187
78,236,595098
78,236,915333
78,305,1182013
78,305,824837
78,316,76330
78,325,657474
78,349,948468
78,365,1213066
78,365,1313414
78,365,932664
78,366,1045190
78,405,1284514
78,414,1296853
78,423,631824
78,445,1264398
78,479,481361
78,50,1328173
78,518,1476467
78,567,1118320
78,567,67390
78,575,917292
78,585,135582
78,626,1287277
78,627,799348
78,630,834262
78,656,1495510
78,74,919740
78,796,1230768
78,807,380519
78,843,723081
78,855,389292
79,114,1549410
79,167,597425
79,167,751006
79,187,98054
79,228,996101
79,229,1333758
79,236,1023650
79,236,1326876
79,236,1343142
79,236,394806
79,278,277891
79,30,268845
79,318,1036294
79,331,764208
79,349,1295824
79,352,853858
79,358,1533500
79,366,1411307
79,414,509205
79,456,827897
79,461,1047393
79,461,1105840
79,461,1107416
79,461,1274625
79,461,334233
79,461,665315
79,461,681510
79,473,1061584
79,473,916520
79,473,919263
79,473,989898
79,50,1207761
79,50,662724
79,512,1537712
79,512,650607
79,518,1114947
79,518,585784
79,524,1005204
79,524,787205
79,627,705370
79,649,1534736
79,77,1395728
79,783,1487208
79,783,587634
79,808,1152861
79,808,557618
79,818,1018229
79,818,1242470
79,818,1447242
79,818,169834
79,821,643605
79,821,764352
79,821,786625
79,915,1124642
79,917,9514
8,101,1143586
8,137,1406155
8,143,1045773
8,143,1266056
8,143,436169
8,143,806668
8,143,809032
8,145,970746
8,173,1233960
8,173,99839
8,197,798317
8,197,918232
8,200,1431307
8,200,144237
8,200,1519120
8,200,204510
8,200,276978
8,200,701960
8,200,927946
8,209,1302433
8,218,665435
8,22,270597
8,235,223810
8,253,1097960
8,253,1134674
8,253,1275382
8,253,1433608
8,253,566521
8,253,644705
8,262,1306368
8,273,1456314
8,284,85068
8,303,1395228
8,303,1469302
8,303,22076
8,303,847366
8,306,483856
8,306,72622
8,315,89941
8,325,885022
8,331,1205062
8,331,1321396
8,331,601147
8,331,749890
8,336,394159
8,347,803556
8,358,1226800
8,358,746901
8,359,1168436
8,376,1336675
8,376,947194
8,38,631682
8,40,519383
8,405,6620
8,414,311277
8,414,611239
8,414,661051
8,414,97101
8,415,1036448
8,415,386279
8,426,262196
8,451,1003378
8,451,206685
8,452,94965
8,468,1407848
8,473,457061
8,479,359565
8,479,406433
8,49,962780
8,519,1234751
8,546,923052
8,547,657512
8,554,1163918
8,556,1463309
8,595,1528423
8,595,900703
8,646,595277
8,656,1405151
8,684,1145628
8,695,908404
8,713,698025
8,731,312089
8,756,1026700
8,756,1409339
8,778,1158778
8,778,54140
8,778,751073
8,778,832298
8,808,978429
8,840,635362
8,866,1300287
8,867,1496100
8,868,278325
8,868,684165
8,893,1012742
8,893,1178408
8,893,1471639
8,893,1491446
8,893,199707
8,893,666927
8,893,775979
8,893,898024
8,9,1319971
8,903,1402290
8,909,1299676
8,92,1494691
8,923,68507
80,114,1471219
80,123,197934
80,140,127524
80,194,331770
80,197,831758
80,241,1320521
80,331,448541
80,341,90902
80,349,1415505
80,351,156311
80,358,1033758
80,358,1441236
80,381,486174
80,405,358056
80,409,1345433
80,449,255423
80,449,706282
80,449,712146
80,451,420874
80,456,909535
80,483,1450147
80,490,1000751
80,492,277055
80,522,892625
80,546,1036561
80,546,434477
80,546,8754
80,590,912958
80,627,150611
80,63,734346
80,650,1182675
80,656,70623
80,656,845394
80,656,907811
80,669,643711
80,669,728989
80,693,1028728
80,693,1550683
80,693,28100
80,693,494542
80,693,852006
80,70,436577
80,70,528205
80,704,1271297
80,704,703668
80,74,42660
80,868,1319682
80,868,321194
80,868,510318
80,891,55039
80,911,244781
81,157,514559
81,171,992552
81,31,389809
81,438,1347090
81,459,743190
81,514,793767
81,7,1504305
81,804,80869
82,101,1067477
82,118,1014787
82,133,28887
82,133,46713
82,141,644089
82,142,62137
82,161,596114
82,17,246901
82,186,951386
82,189,424439
82,193,752810
82,276,1165163
82,283,1171462
82,283,997944
82,303,399032
82,323,167688
82,331,1521800
82,345,1239046
82,352,1552247
82,352,951077
82,355,1263503
82,355,227535
82,358,1112683
82,366,253784
82,366,518808
82,371,964246
82,388,831385
82,407,1174810
82,414,523525
82,414,734480
82,414,88540
82,414,940604
82,414,953220
82,432,96263
82,435,1072653
82,436,503455
82,440,1053337
82,456,1258629
82,456,285789
82,456,34538
82,456,410064
82,456,608777
82,456,633570
82,461,557867
82,461,611189
82,473,587758
82,473,851416
82,496,705650
82,500,1073858
82,516,1429088
82,524,206392
82,546,1244494
82,549,1539838
82,571,1537098
82,593,1139894
82,593,1340012
82,593,334060
82,593,490151
82,593,549974
82,593,791166
82,627,1116722
82,629,691356
82,651,102776
82,651,261205
82,651,782386
82,656,1548383
82,69,1336184
82,69,350567
82,69,595941
82,690,358404
82,704,22987
82,734,1095099
82,744,502115
82,761,1017635
82,77,1037059
82,77,107996
82,77,1114982
82,77,1134157
82,77,1483816
82,77,19208
82,77,390931
82,77,39503
82,77,507616
82,77,663239
82,783,1105803
82,796,1151406
82,801,999478
82,823,534761
82,844,117438
82,845,752250
82,864,1062067
82,888,98207
82,895,287145
82,899,919805
82,9,623854
82,90,195998
82,903,1328191
82,903,1485550
82,903,962438
82,905,1539490
82,926,494189
82,98,1124591
83,1,875366
83,139,121797
83,155,1040571
83,155,134975
83,155,1354460
83,155,1426396
83,155,302165
83,155,776299
83,155,794075
83,155,863781
83,161,107248
83,236,1034446
83,236,1352917
83,236,1395285
83,236,159528
83,236,577533
83,236,600168
83,236,661704
83,236,720314
83,236,87509
83,236,902673
83,25,1538420
83,25,649175
83,276,1107237
83,276,1144605
83,303,1262169
83,303,1365361
83,349,173699
83,357,1284599
83,358,1136878
83,358,1475574
83,358,587879
83,358,839940
83,358,854670
83,358,951801
83,391,1219617
83,404,1059797
83,414,1196482
83,414,228535
83,414,539030
83,414,541274
83,439,630940
83,444,156542
83,446,40255
83,446,519968
83,446,781919
83,456,1008281
83,456,1212705
83,456,1408017
83,461,360303
83,461,504061
83,473,784624
83,491,947368
83,518,1160022
83,518,1408956
83,518,994792
83,538,1242834
83,538,1383035
83,576,910267
83,634,1031844
83,650,764859
83,701,516531
83,716,809502
83,783,581272
83,799,827564
83,844,805807
83,888,1033587
83,888,1150121
83,888,1340026
83,888,321558
83,888,696869
83,888,934083
83,9,379857
84,124,996469
84,133,1461717
84,133,743696
84,162,760064
84,169,300737
84,224,843177
84,248,1009630
84,248,962826
84,283,1403929
84,29,415194
84,301,494082
84,303,295166
84,303,493485
84,329,1283123
84,330,748000
84,331,1209308
84,331,151429
84,395,1182173
84,395,44074
84,395,549084
84,398,286008
84,413,225211
84,414,1198746
84,436,1053409
84,436,1112770
84,436,245517
84,436,24957
84,436,250691
84,436,319025
84,436,627705
84,436,774096
84,436,78491
84,436,894318
84,444,613184
84,449,185338
84,449,377036
84,450,1277253
84,451,1218765
84,451,34674
84,451,45931
84,451,541849
84,451,806251
84,456,572326
84,459,1168372
84,459,436646
84,459,492618
84,459,523671
84,461,440426
84,473,1258356
84,473,1487603
84,473,28280
84,473,718515
84,473,947860
84,473,991329
84,479,114787
84,479,1168213
84,479,1289115
84,479,132266
84,479,1424544
84,479,357327
84,479,542245
84,517,1491820
84,546,587881
84,551,250246
84,56,89794
84,572,903284
84,576,1089720
84,576,14268
84,576,23185
84,577,1472647
84,577,881772
84,580,540515
84,603,689790
84,634,1054324
84,635,130337
84,635,1490675
84,665,353989
84,675,1526389
84,69,774180
84,77,1288345
84,77,1484963
84,77,841777
84,779,451887
84,783,1285238
84,796,812095
84,800,428399
84,821,254171
84,821,687950
84,83,639075
84,876,902792
84,888,1479394
84,888,788502
84,893,134439
84,893,198759
84,893,552758
84,898,541807
84,9,1116032
84,903,753115
84,918,884411
84,926,1021206
84,94,572730
85,106,469472
85,117,1372398
85,133,1091992
85,133,1152670
85,133,1406786
85,133,1450483
85,133,149466
85,133,208649
85,133,321772
85,133,415245
85,133,426487
85,133,579691
85,133,672991
85,133,715923
85,133,770226
85,133,840861
85,133,846513
85,133,900820
85,133,922005
85,133,987198
85,133,992218
85,161,484466
85,187,194006
85,193,318496
85,196,683734
85,208,270031
85,221,764044
85,248,1060278
85,248,1542587
85,248,70772
85,283,103565
85,283,1125422
85,283,1530975
85,283,180341
85,291,26962
85,303,1183238
85,303,1290983
85,303,1441174
85,303,1469408
85,303,215518
85,303,254530
85,303,305897
85,303,354835
85,303,624254
85,303,625040
85,303,789705
85,303,802778
85,303,932788
85,303,949282
85,306,457118
85,331,1496242
85,331,661275
85,331,692195
85,335,837413
85,343,1130481
85,343,1140810
85,343,1182599
85,343,1331208
85,343,1549655
85,343,20451
85,343,380988
85,343,631498
85,345,443589
85,352,960729
85,358,1155460
85,358,1460785
85,358,19783
85,358,421477
85,358,821088
85,377,459486
85,377,612916
85,382,871095
85,396,896564
85,414,1446835
85,414,287288
85,414,593510
85,414,721166
85,436,1004686
85,436,1027689
85,436,1055501
85,436,125425
85,436,130669
85,436,1424393
85,436,1506655
85,436,671334
85,436,826576
85,436,858545
85,449,1280146
85,456,1123401
85,456,1519089
85,456,19001
85,456,904189
85,459,1502039
85,459,257576
85,459,273282
85,459,38927
85,459,642704
85,459,827920
85,459,983668
85,459,984663
85,461,1130933
85,461,138854
85,461,689167
85,470,1404454
85,473,1097998
85,473,1220573
85,473,1500452
85,473,313092
85,473,400926
85,473,50448
85,479,1475157
85,479,1530748
85,479,267544
85,498,975942
85,517,1004703
85,517,1371721
85,517,312800
85,517,696232
85,517,884318
85,525,1170456
85,54,1516305
85,546,984194
85,576,1100841
85,576,124551
85,576,515075
85,576,916352
85,604,51202
85,605,83904
85,649,1015181
85,65,1514619
85,650,379525
85,658,1454450
85,666,1231317
85,666,732032
85,667,1066655
85,667,160580
85,667,733658
85,667,967910
85,671,1080675
85,69,1074348
85,701,1428974
85,701,549642
85,704,1142968
85,73,1515466
85,742,1406911
85,742,349717
85,742,811009
85,744,1140951
85,744,1255128
85,744,1513460
85,744,1522827
85,744,328031
85,744,537694
85,744,548316
85,744,671176
85,744,79786
85,744,979320
85,761,1000723
85,761,1068662
85,761,1081823
85,761,1193267
85,761,1305885
85,761,1488159
85,761,149283
85,761,60598
85,761,677391
85,761,70546
85,761,796414
85,761,869768
85,761,997831
85,77,1034691
85,77,1072876
85,77,1102201
85,77,1112883
85,77,1216286
85,77,123954
85,77,1301295
85,77,1399710
85,77,299712
85,77,397072
85,77,672378
85,77,739297
85,77,895370
85,77,961113
85,78,421296
85,783,322439
85,783,408113
85,783,822116
85,793,1530547
85,793,448687
85,796,1066679
85,796,327825
85,796,658754
85,796,960804
85,805,1165763
85,805,26245
85,83,347461
85,832,1512323
85,835,1259989
85,844,332757
85,857,877536
85,888,1136138
85,888,1281225
85,888,907237
85,895,754253
85,899,216569
85,9,1052032
85,9,1219670
85,9,188339
85,903,554187
85,903,949770
85,907,1011123
85,907,1185651
85,907,1221744
85,907,217517
85,907,332358
85,907,660853
85,907,864452
85,915,1325475
85,926,1053543
85,926,1350655
85,926,1451571
85,926,1487626
85,926,306011
85,926,653948
85,926,876091
85,927,725237
86,133,1450593
86,133,302288
86,133,410899
86,139,1229335
86,216,1372087
86,222,490309
86,234,197743
86,248,190726
86,325,1313270
86,328,797378
86,343,1248939
86,343,1350638
86,343,438648
86,351,875808
86,415,615244
86,436,268627
86,436,745602
86,447,266044
86,449,235896
86,454,278009
86,454,479862
86,456,318406
86,459,1100407
86,459,1210486
86,459,266740
86,459,362651
86,461,618694
86,473,1299729
86,473,1525942
86,473,588297
86,473,589250
86,473,929550
86,479,459820
86,49,1072379
86,491,1176710
86,491,1366191
86,497,439041
86,50,1022173
86,50,1344497
86,518,201733
86,518,759656
86,525,734489
86,536,648902
86,546,111177
86,546,1339210
86,546,401229
86,572,475442
86,572,648606
86,576,1158545
86,576,1463281
86,576,538677
86,650,7387
86,667,11323
86,667,533514
86,704,671267
86,731,987972
86,742,757677
86,744,1380618
86,744,688220
86,744,849842
86,790,1445566
86,790,716566
86,796,388464
86,796,792744
86,821,89567
86,859,241541
86,907,83169
86,926,24152
86,932,494023
87,116,1139577
87,116,665878
87,187,1312224
87,302,1207525
87,308,1399389
87,327,1525261
87,331,555114
87,355,581450
87,410,1388926
87,473,1084008
87,473,1427012
87,473,1496786
87,473,868923
87,479,944700
87,518,1352853
87,546,361057
87,551,781648
87,616,103003
87,634,727416
87,634,856952
87,649,478926
87,656,196983
87,717,101051
87,74,151066
87,742,757175
87,767,1474180
87,786,1165378
87,789,164904
87,792,598082
87,796,160420
87,796,62216
87,839,1349629
87,861,795365
87,930,1268893
88,193,1153413
88,193,1247349
88,319,1013313
88,405,515001
88,656,1009523
88,656,1131919
88,656,1167010
88,656,1317255
88,656,270158
88,656,456311
88,656,533742
88,656,826774
88,696,1217599
89,106,1067602
89,106,1264015
89,106,1337903
89,106,233582
89,106,415187
89,106,421316
89,106,472820
89,106,949349
89,110,119087
89,114,429730
89,133,1320208
89,133,519080
89,133,638000
89,139,1064050
89,139,1066278
89,139,1085876
89,139,1351623
89,158,1119780
89,158,701854
89,164,871148
89,170,1285006
89,170,214868
89,190,701420
89,193,55249
89,193,665664
89,236,880140
89,240,1147690
89,242,1455600
89,244,827467
89,248,118153
89,248,120374
89,248,154465
89,248,456812
89,248,540593
89,248,572415
89,248,638508
89,248,668851
89,253,1335749
89,253,1424021
89,253,285396
89,253,587358
89,253,59735
89,253,707952
89,253,941801
89,259,1355763
89,276,1006239
89,277,573019
89,283,1407104
89,283,358283
89,283,873417
89,303,702327
89,303,968841
89,309,456031
89,311,986144
89,323,606625
89,324,824140
89,331,85545
89,349,609266
89,358,1280060
89,358,467456
89,358,896546
89,366,1421234
89,377,692357
89,384,1339786
89,39,1147091
89,395,1161053
89,395,951477
89,405,253963
89,413,582321
89,414,1419089
89,414,433788
89,414,766106
89,414,832967
89,421,1330486
89,436,1049982
89,436,1094400
89,436,1230636
89,436,1295408
89,436,1392001
89,436,331843
89,436,418369
89,436,45223
89,436,45387
89,436,498160
89,436,580847
89,436,650659
89,436,745252
89,436,815224
89,436,84236
89,436,870953
89,436,905950
89,436,968189
89,449,1262405
89,449,1391292
89,449,1417361
89,449,676790
89,451,29574
89,456,1303155
89,456,1474862
89,456,199199
89,456,61003
89,456,685661
89,459,176426
89,46,460474
89,461,1200876
89,461,351171
89,461,47263
89,461,512870
89,463,809491
89,465,1238003
89,473,1387037
89,473,1402837
89,473,312602
89,479,1168278
89,479,1421708
89,479,266718
89,479,928721
89,480,1297489
89,500,1168715
89,500,1288347
89,500,1369676
89,500,1534316
89,500,303631
89,500,336099
89,500,408730
89,500,496501
89,500,51234
89,500,902076
89,500,93611
89,507,791414
89,508,963261
89,512,1383430
89,514,730222
89,517,236999
89,517,711806
89,541,644136
89,546,815564
89,548,123360
89,548,589087
89,604,746321
89,632,33553
89,634,1380478
89,635,1062072
89,635,1132458
89,635,473515
89,635,620080
89,635,732192
89,635,853169
89,637,1201499
89,64,1532457
89,64,207088
89,64,925820
89,643,421496
89,647,329927
89,651,1362326
89,651,625183
89,656,1107239
89,656,1491789
89,656,585460
89,656,663520
89,665,191133
89,666,1177466
89,666,1340712
89,666,1511228
89,666,1527396
89,666,268946
89,666,842119
89,668,1467499
89,671,1081688
89,686,207373
89,69,504415
89,734,1452636
89,734,272428
89,738,584768
89,761,1023021
89,761,1047959
89,761,1174343
89,761,200385
89,761,332703
89,761,363765
89,761,543985
89,761,742012
89,761,876009
89,761,887010
89,77,1090709
89,77,1189909
89,77,1350032
89,77,1403890
89,77,1493675
89,77,1497310
89,77,1547764
89,77,158725
89,77,174688
89,77,250060
89,77,272490
89,77,421617
89,77,483691
89,77,55068
89,77,551515
89,77,551530
89,77,570646
89,77,660980
89,77,678507
89,77,693724
89,77,751390
89,77,80716
89,773,888584
89,783,478210
89,796,1153742
89,796,137269
89,796,318494
89,821,165202
89,829,664116
89,83,1112522
89,831,1221110
89,844,1127418
89,844,1503013
89,844,806564
89,844,954833
89,868,514948
89,870,709444
89,879,1330567
89,883,988275
89,89,606184
89,893,1106673
89,893,1201343
89,893,1482406
89,893,1516241
89,893,242027
89,893,533889
89,893,667977
89,893,865421
89,893,871687
89,893,898248
89,9,1159849
89,9,1193579
89,9,1464000
89,9,789423
89,9,919069
89,903,1335102
89,903,513223
89,903,571971
89,914,1341218
89,98,1528805
9,127,1265308
9,135,170450
9,144,186059
9,158,716168
9,158,769805
9,197,1520019
9,200,868504
9,208,1135791
9,208,1404883
9,21,358301
9,236,733485
9,248,976734
9,292,1011118
9,293,1405269
9,297,734243
9,303,199138
9,303,898196
9,304,743789
9,312,140744
9,321,569574
9,322,1062013
9,331,1377270
9,349,734732
9,356,1252466
9,358,1430778
9,379,188157
9,386,1454617
9,411,866885
9,412,919368
9,414,1371457
9,450,331259
9,456,1264928
9,456,1513917
9,456,755198
9,459,1200567
9,459,1287066
9,459,1341736
9,459,383243
9,459,521397
9,459,55684
9,459,904831
9,459,922936
9,459,960821
9,459,979041
9,459,990918
9,461,1158178
9,461,1178235
9,473,1004971
9,473,1129593
9,473,1248321
9,473,1323037
9,473,1377791
9,473,1454951
9,473,1492046
9,473,1501172
9,473,812305
9,473,864094
9,473,922126
9,49,13000
9,514,534681
9,517,1044550
9,517,29639
9,517,698119
9,520,163304
9,532,1032113
9,541,144367
9,541,396637
9,546,1373694
9,560,957163
9,595,160742
9,614,987379
9,637,1287672
9,650,842383
9,660,554273
9,67,141506
9,670,1302798
9,69,709098
9,712,1255569
9,732,349477
9,746,1067924
9,764,1285670
9,77,555434
9,77,578824
9,77,97658
9,775,243969
9,783,357111
9,795,654792
9,808,1537102
9,811,106038
9,815,780753
9,815,786977
9,817,801018
9,853,291631
9,853,707492
9,860,526974
9,871,778433
9,892,259028
9,903,108752
90,223,876439
90,241,762213
90,277,160518
90,283,75276
90,4,505043
90,449,1434944
90,461,172764
90,461,941066
90,469,457184
90,500,91507
90,500,916780
90,512,143462
90,512,719638
90,529,435113
90,569,842106
90,615,1314423
90,742,74303
90,761,142284
90,796,983339
91,133,707007
91,158,133592
91,175,1374448
91,253,1268915
91,31,39072
91,449,3437
91,451,609536
91,473,846412
91,479,462266
91,541,242152
91,618,456230
91,64,524702
91,656,366538
91,787,957900
91,821,1012419
91,928,169768
92,236,268816
92,236,362789
92,456,1245073
93,116,1417275
93,116,416030
93,283,762876
93,302,77079
93,308,596254
93,327,61354
93,331,966565
93,355,636856
93,410,1201136
93,410,1417339
93,414,551724
93,449,1052770
93,473,1480733
93,473,256977
93,473,491600
93,473,583352
93,473,644422
93,479,1206728
93,518,1049039
93,544,1104748
93,546,400932
93,551,45604
93,551,634940
93,616,894494
93,634,1383133
93,649,1090234
93,656,1430154
93,677,312676
93,717,959893
93,742,567575
93,767,748734
93,769,593672
93,786,438090
93,796,479009
93,839,570638
93,861,732290
93,868,977897
93,881,864708
93,930,1511251
94,151,1087994
94,151,117392
94,151,1240292
94,151,208090
94,151,306703
94,151,474156
94,151,748984
94,196,848914
94,30,93430
94,370,1487479
94,408,38795
94,461,1047143
94,461,1134488
94,461,1136982
94,461,1219084
94,461,1398816
94,461,1512020
94,461,212413
94,461,35231
94,461,359464
94,461,535469
94,461,544951
94,461,6831
94,461,723280
94,461,793904
94,461,898929
94,479,245606
94,486,273017
94,487,1053869
94,487,1092775
94,487,1093895
94,487,1313331
94,487,1540089
94,487,271578
94,49,662907
94,568,111864
94,624,1331657
94,624,1397698
94,624,1418552
94,624,689388
94,624,784150
94,627,957912
94,634,1191232
94,68,1479297
94,683,1480969
94,683,267354
94,683,382441
94,683,782245
94,703,1529054
94,704,451216
94,783,1259704
94,8,229879
94,815,116847
94,849,455014
94,877,76507
94,880,40025
95,41,1378139
95,414,1157818
95,456,706367
95,487,1370850
95,503,1118931
95,503,1136975
95,528,1343790
95,672,1205612
95,735,878447
95,77,572353
95,903,1386245
95,923,570672
96,311,1079096
96,425,1256247
96,456,1014385
96,461,1139077
96,518,1258976
96,539,207497
97,107,1199852
97,109,1354633
97,113,161037
97,133,445997
97,135,1521115
97,139,1354030
97,149,284285
97,149,411544
97,161,209594
97,161,885224
97,165,168217
97,167,811026
97,167,961917
97,185,1402858
97,193,1073724
97,193,363423
97,195,110507
97,204,428858
97,205,143746
97,209,1191266
97,209,286969
97,215,697729
97,236,1328712
97,236,1386916
97,236,1428061
97,236,357014
97,255,517915
97,283,528121
97,283,986555
97,299,29809
97,303,370755
97,303,873216
97,338,983255
97,345,1051957
97,349,14295
97,349,841491
97,349,961022
97,351,325026
97,413,1388603
97,413,463276
97,414,423856
97,433,1548541
97,434,1217653
97,436,821870
97,44,1266730
97,441,602907
97,449,1348899
97,449,164242
97,456,1250991
97,456,1283138
97,456,1396746
97,456,567989
97,459,1522290
97,461,787572
97,461,892207
97,473,1155879
97,473,226877
97,473,327156
97,473,432083
97,473,530845
97,473,694780
97,473,834382
97,473,993817
97,479,1187001
97,479,1230557
97,479,1249048
97,501,1264031
97,506,1033980
97,546,828786
97,570,987132
97,576,57101
97,576,613174
97,576,857342
97,576,990682
97,582,636658
97,589,199916
97,59,1518621
97,595,1532579
97,597,60646
97,62,496085
97,634,843052
97,650,458582
97,651,1187974
97,651,755266
97,667,1464925
97,671,909426
97,69,136937
97,69,1441108
97,69,301718
97,69,411175
97,69,567023
97,699,23224
97,742,552175
97,751,624875
97,77,987103
97,783,1172454
97,783,1181359
97,783,1220061
97,783,322364
97,788,931770
97,808,6636
97,808,954262
97,844,1218213
97,844,1501105
97,864,1421340
97,864,182981
97,889,612597
97,9,107976
97,9,1427911
97,9,358487
97,90,629678
97,903,1363747
97,903,800379
97,903,825026
97,905,242744
97,915,653736
97,916,553759
97,928,1064359
97,95,134767
98,1,1014434
98,115,367816
98,199,771986
98,236,453022
98,258,159176
98,283,1365108
98,349,1490457
98,358,343360
98,358,353420
98,414,116739
98,428,1261195
98,456,1289372
98,456,427461
98,456,875905
98,479,987885
98,518,845840
98,654,641855
98,666,1003323
98,733,399119
98,771,962361
98,825,755941
98,928,136761
99,133,1167064
99,133,1175847
99,133,196432
99,133,553191
99,133,686374
99,133,701094
99,133,802429
99,133,964995
99,146,1058419
99,158,105020
99,158,1308460
99,164,1480961
99,182,299937
99,182,54699
99,208,1036021
99,232,411097
99,247,242834
99,248,1301143
99,248,1521700
99,25,962879
99,262,1333859
99,262,1367936
99,262,1430755
99,262,893688
99,277,676466
99,282,823009
99,283,1109244
99,283,965637
99,303,1369312
99,303,707201
99,311,291675
99,331,1263206
99,358,1314112
99,358,181217
99,358,334507
99,358,968167
99,367,1189539
99,414,1050067
99,414,1221947
99,414,1537321
99,436,1029303
99,436,1408399
99,436,221818
99,436,277257
99,436,49715
99,451,1090668
99,451,1093523
99,451,1468271
99,451,271817
99,451,374578
99,451,499990
99,451,916568
99,456,1269887
99,456,1439755
99,456,248950
99,456,332552
99,456,367883
99,456,405509
99,456,421130
99,456,471623
99,456,542290
99,456,775715
99,462,524176
99,479,267604
99,479,546029
99,479,904303
99,481,232166
99,482,1204494
99,485,1144455
99,49,1319723
99,5,617122
99,541,1049387
99,541,127103
99,541,136976
99,541,483753
99,541,729059
99,546,1320725
99,546,917895
99,548,967882
99,583,1169457
99,651,1373938
99,671,923645
99,676,496349
99,701,337395
99,727,628067
99,734,1374838
99,753,1056011
99,761,882205
99,765,1070698
99,77,829453
99,783,388141
99,796,497967
99,796,870995
99,864,481565
99,868,253913
99,888,1399883
99,888,309371
99,898,652705
